# GOES-R ABI FM4 SRF ch 1035 CWG release
# wvl [micron],  wavenum [cm-1],  relative SRF
  9.8106540        1019.3      0.00068100
  9.8116170        1019.2      0.00115500
  9.8125800        1019.1      0.00163200
  9.8135430        1019.0      0.00210500
  9.8145060        1018.9      0.00257800
  9.8154690        1018.8      0.00310400
  9.8164330        1018.7      0.00326600
  9.8173960        1018.6      0.00307600
  9.8183600        1018.5      0.00284000
  9.8193240        1018.4      0.00261400
  9.8202890        1018.3      0.00238300
  9.8212530        1018.2      0.00215900
  9.8222180        1018.1      0.00192900
  9.8231830        1018.0      0.00170100
  9.8241480        1017.9      0.00150400
  9.8251130        1017.8      0.00150000
  9.8260780        1017.7      0.00193800
  9.8270440        1017.6      0.00241300
  9.8280100        1017.5      0.00289100
  9.8289760        1017.4      0.00337000
  9.8299420        1017.3      0.00384100
  9.8309080        1017.2      0.00431800
  9.8318750        1017.1      0.00479300
  9.8328420        1017.0      0.00528800
  9.8338090        1016.9      0.00553900
  9.8347760        1016.8      0.00549400
  9.8357430        1016.7      0.00541300
  9.8367110        1016.6      0.00532700
  9.8376780        1016.5      0.00524800
  9.8386460        1016.4      0.00516400
  9.8396140        1016.3      0.00508200
  9.8405830        1016.2      0.00500300
  9.8415510        1016.1      0.00491900
  9.8425200        1016.0      0.00485300
  9.8434890        1015.9      0.00480500
  9.8444580        1015.8      0.00475900
  9.8454270        1015.7      0.00471500
  9.8463960        1015.6      0.00467000
  9.8473660        1015.5      0.00462300
  9.8483360        1015.4      0.00458000
  9.8493060        1015.3      0.00453300
  9.8502760        1015.2      0.00448200
  9.8512460        1015.1      0.00436600
  9.8522170        1015.0      0.00411500
  9.8531880        1014.9      0.00383800
  9.8541580        1014.8      0.00356400
  9.8551300        1014.7      0.00328900
  9.8561010        1014.6      0.00301400
  9.8570720        1014.5      0.00274000
  9.8580440        1014.4      0.00246400
  9.8590160        1014.3      0.00219100
  9.8599880        1014.2      0.00206500
  9.8609600        1014.1      0.00235300
  9.8619330        1014.0      0.00265100
  9.8629060        1013.9      0.00294000
  9.8638780        1013.8      0.00323900
  9.8648520        1013.7      0.00353200
  9.8658250        1013.6      0.00382200
  9.8667980        1013.5      0.00412200
  9.8677720        1013.4      0.00445000
  9.8687460        1013.3      0.00449300
  9.8697200        1013.2      0.00431000
  9.8706940        1013.1      0.00402000
  9.8716680        1013.0      0.00374300
  9.8726430        1012.9      0.00346600
  9.8736180        1012.8      0.00318900
  9.8745930        1012.7      0.00291200
  9.8755680        1012.6      0.00264100
  9.8765430        1012.5      0.00233200
  9.8775190        1012.4      0.00232900
  9.8784950        1012.3      0.00272400
  9.8794700        1012.2      0.00321600
  9.8804470        1012.1      0.00369600
  9.8814230        1012.0      0.00417900
  9.8823990        1011.9      0.00465900
  9.8833760        1011.8      0.00513600
  9.8843530        1011.7      0.00561500
  9.8853300        1011.6      0.00608900
  9.8863070        1011.5      0.00649900
  9.8872850        1011.4      0.00680200
  9.8882630        1011.3      0.00707400
  9.8892410        1011.2      0.00735200
  9.8902190        1011.1      0.00762200
  9.8911970        1011.0      0.00790300
  9.8921750        1010.9      0.00817900
  9.8931540        1010.8      0.00845300
  9.8941330        1010.7      0.00870800
  9.8951120        1010.6      0.00878900
  9.8960910        1010.5      0.00830100
  9.8970700        1010.4      0.00775600
  9.8980500        1010.3      0.00722200
  9.8990300        1010.2      0.00668300
  9.9000100        1010.1      0.00614400
  9.9009900        1010.0      0.00560800
  9.9019700        1009.9      0.00506400
  9.9029510        1009.8      0.00451100
  9.9039320        1009.7      0.00420000
  9.9049130        1009.6      0.00461200
  9.9058940        1009.5      0.00505700
  9.9068750        1009.4      0.00549800
  9.9078570        1009.3      0.00595100
  9.9088390        1009.2      0.00639500
  9.9098210        1009.1      0.00683600
  9.9108030        1009.0      0.00727800
  9.9117850        1008.9      0.00775300
  9.9127680        1008.8      0.00799000
  9.9137500        1008.7      0.00794400
  9.9147330        1008.6      0.00781800
  9.9157160        1008.5      0.00768600
  9.9167000        1008.4      0.00756100
  9.9176830        1008.3      0.00743000
  9.9186670        1008.2      0.00730600
  9.9196510        1008.1      0.00717700
  9.9206350        1008.0      0.00705300
  9.9216190        1007.9      0.00694400
  9.9226040        1007.8      0.00686300
  9.9235880        1007.7      0.00679100
  9.9245730        1007.6      0.00672000
  9.9255580        1007.5      0.00664600
  9.9265440        1007.4      0.00657500
  9.9275290        1007.3      0.00650300
  9.9285150        1007.2      0.00642900
  9.9295010        1007.1      0.00635900
  9.9304870        1007.0      0.00647600
  9.9314730        1006.9      0.00704200
  9.9324590        1006.8      0.00772300
  9.9334460        1006.7      0.00839000
  9.9344330        1006.6      0.00905300
  9.9354200        1006.5      0.00971700
  9.9364070        1006.4      0.01038500
  9.9373940        1006.3      0.01105300
  9.9383820        1006.2      0.01173100
  9.9393700        1006.1      0.01213000
  9.9403580        1006.0      0.01217600
  9.9413460        1005.9      0.01212500
  9.9423340        1005.8      0.01204900
  9.9433230        1005.7      0.01199000
  9.9443120        1005.6      0.01194200
  9.9453010        1005.5      0.01184200
  9.9462900        1005.4      0.01179100
  9.9472790        1005.3      0.01174200
  9.9482690        1005.2      0.01177900
  9.9492590        1005.1      0.01210900
  9.9502490        1005.0      0.01253100
  9.9512390        1004.9      0.01294500
  9.9522290        1004.8      0.01336100
  9.9532200        1004.7      0.01377900
  9.9542110        1004.6      0.01419500
  9.9552020        1004.5      0.01460900
  9.9561930        1004.4      0.01505600
  9.9571840        1004.3      0.01546000
  9.9581760        1004.2      0.01515400
  9.9591670        1004.1      0.01489200
  9.9601590        1004.0      0.01468700
  9.9611520        1003.9      0.01446600
  9.9621440        1003.8      0.01419000
  9.9631360        1003.7      0.01391800
  9.9641290        1003.6      0.01367500
  9.9651220        1003.5      0.01349600
  9.9661150        1003.4      0.01331000
  9.9671090        1003.3      0.01334100
  9.9681020        1003.2      0.01349100
  9.9690960        1003.1      0.01363400
  9.9700900        1003.0      0.01377600
  9.9710840        1002.9      0.01391700
  9.9720780        1002.8      0.01406100
  9.9730730        1002.7      0.01420200
  9.9740670        1002.6      0.01434300
  9.9750620        1002.5      0.01449200
  9.9760570        1002.4      0.01504600
  9.9770530        1002.3      0.01550700
  9.9780480        1002.2      0.01606700
  9.9790440        1002.1      0.01654600
  9.9800400        1002.0      0.01706600
  9.9810360        1001.9      0.01762000
  9.9820320        1001.8      0.01806300
  9.9830290        1001.7      0.01862000
  9.9840260        1001.6      0.01899000
  9.9850220        1001.5      0.01904900
  9.9860200        1001.4      0.01905400
  9.9870170        1001.3      0.01905500
  9.9880140        1001.2      0.01905800
  9.9890120        1001.1      0.01906100
  9.9900100        1001.0      0.01906200
  9.9910080        1000.9      0.01906400
  9.9920060        1000.8      0.01906800
  9.9930050        1000.7      0.01907000
  9.9940040        1000.6      0.01977500
  9.9950020        1000.5      0.02047900
  9.9960020        1000.4      0.02118100
  9.9970010        1000.3      0.02188600
  9.9980000        1000.2      0.02259200
  9.9990000        1000.1      0.02329800
 10.0000000        1000.0      0.02400300
 10.0010000         999.9      0.02470800
 10.0020000         999.8      0.02535400
 10.0030000         999.7      0.02596600
 10.0040000         999.6      0.02664000
 10.0050000         999.5      0.02731400
 10.0060000         999.4      0.02798900
 10.0070000         999.3      0.02866400
 10.0080100         999.2      0.02934500
 10.0090100         999.1      0.03002600
 10.0100100         999.0      0.03070600
 10.0110100         998.9      0.03138300
 10.0120100         998.8      0.03206000
 10.0130200         998.7      0.03273000
 10.0140200         998.6      0.03287200
 10.0150200         998.5      0.03276500
 10.0160300         998.4      0.03265400
 10.0170300         998.3      0.03254300
 10.0180300         998.2      0.03243500
 10.0190400         998.1      0.03232300
 10.0200400         998.0      0.03221100
 10.0210400         997.9      0.03210200
 10.0220500         997.8      0.03199000
 10.0230500         997.7      0.03187700
 10.0240600         997.6      0.03177500
 10.0250600         997.5      0.03201600
 10.0260700         997.4      0.03277800
 10.0270700         997.3      0.03347400
 10.0280800         997.2      0.03415600
 10.0290800         997.1      0.03491900
 10.0300900         997.0      0.03564000
 10.0311000         996.9      0.03631900
 10.0321000         996.8      0.03706100
 10.0331100         996.7      0.03780400
 10.0341200         996.6      0.03848800
 10.0351200         996.5      0.03921000
 10.0361300         996.4      0.04004500
 10.0371400         996.3      0.04095900
 10.0381400         996.2      0.04186700
 10.0391500         996.1      0.04279000
 10.0401600         996.0      0.04381100
 10.0411700         995.9      0.04472000
 10.0421800         995.8      0.04564500
 10.0431900         995.7      0.04664400
 10.0441900         995.6      0.04757700
 10.0452000         995.5      0.04848200
 10.0462100         995.4      0.04940000
 10.0472200         995.3      0.05038500
 10.0482300         995.2      0.05138900
 10.0492400         995.1      0.05236100
 10.0502500         995.0      0.05333600
 10.0512600         994.9      0.05431100
 10.0522700         994.8      0.05528600
 10.0532800         994.7      0.05625900
 10.0542900         994.6      0.05722900
 10.0553000         994.5      0.05820400
 10.0563200         994.4      0.05917100
 10.0573300         994.3      0.06015100
 10.0583400         994.2      0.06121200
 10.0593500         994.1      0.06239100
 10.0603600         994.0      0.06361500
 10.0613700         993.9      0.06481900
 10.0623900         993.8      0.06597400
 10.0634000         993.7      0.06715100
 10.0644100         993.6      0.06837700
 10.0654300         993.5      0.06960200
 10.0664400         993.4      0.07080500
 10.0674500         993.3      0.07196900
 10.0684700         993.2      0.07330600
 10.0694800         993.1      0.07501700
 10.0704900         993.0      0.07685700
 10.0715100         992.9      0.07863200
 10.0725200         992.8      0.08044100
 10.0735400         992.7      0.08229400
 10.0745500         992.6      0.08413900
 10.0755700         992.5      0.08598600
 10.0765800         992.4      0.08783500
 10.0776000         992.3      0.08968300
 10.0786100         992.2      0.09154600
 10.0796300         992.1      0.09340000
 10.0806500         992.0      0.09528500
 10.0816600         991.9      0.09721300
 10.0826800         991.8      0.09911900
 10.0836900         991.7      0.10104500
 10.0847100         991.6      0.10295200
 10.0857300         991.5      0.10488000
 10.0867500         991.4      0.10678500
 10.0877600         991.3      0.10875600
 10.0887800         991.2      0.11069300
 10.0898000         991.1      0.11278700
 10.0908200         991.0      0.11550200
 10.0918400         990.9      0.11847200
 10.0928500         990.8      0.12137200
 10.0938700         990.7      0.12440400
 10.0948900         990.6      0.12775200
 10.0959100         990.5      0.13028300
 10.0969300         990.4      0.13313800
 10.0979500         990.3      0.13646300
 10.0989700         990.2      0.13935400
 10.0999900         990.1      0.14268500
 10.1010100         990.0      0.14556800
 10.1020300         989.9      0.14890500
 10.1030500         989.8      0.15177500
 10.1040700         989.7      0.15511100
 10.1050900         989.6      0.15795000
 10.1061100         989.5      0.16125800
 10.1071400         989.4      0.16406100
 10.1081600         989.3      0.16740900
 10.1091800         989.2      0.17022300
 10.1102000         989.1      0.17358000
 10.1112200         989.0      0.17641000
 10.1122500         988.9      0.18059900
 10.1132700         988.8      0.18561400
 10.1142900         988.7      0.19058300
 10.1153100         988.6      0.19553300
 10.1163400         988.5      0.20047100
 10.1173600         988.4      0.20541100
 10.1183900         988.3      0.21035200
 10.1194100         988.2      0.21530200
 10.1204300         988.1      0.22026900
 10.1214600         988.0      0.22522300
 10.1224800         987.9      0.23017800
 10.1235100         987.8      0.23513700
 10.1245300         987.7      0.24001200
 10.1255600         987.6      0.24570400
 10.1265800         987.5      0.25124900
 10.1276100         987.4      0.25609400
 10.1286300         987.3      0.26183700
 10.1296600         987.2      0.26725100
 10.1306900         987.1      0.27212300
 10.1317100         987.0      0.27787800
 10.1327400         986.9      0.28314400
 10.1337700         986.8      0.28888100
 10.1347900         986.7      0.29503800
 10.1358200         986.6      0.30117500
 10.1368500         986.5      0.30807000
 10.1378800         986.4      0.31435500
 10.1389000         986.3      0.32027600
 10.1399300         986.2      0.32614000
 10.1409600         986.1      0.33199400
 10.1419900         986.0      0.33846500
 10.1430200         985.9      0.34498900
 10.1440500         985.8      0.35092700
 10.1450700         985.7      0.35720100
 10.1461000         985.6      0.36462200
 10.1471300         985.5      0.37260900
 10.1481600         985.4      0.37963800
 10.1491900         985.3      0.38692700
 10.1502200         985.2      0.39500100
 10.1512500         985.1      0.40224900
 10.1522800         985.0      0.41027600
 10.1533200         984.9      0.41733700
 10.1543500         984.8      0.42464200
 10.1553800         984.7      0.43247200
 10.1564100         984.6      0.44023600
 10.1574400         984.5      0.44897800
 10.1584700         984.4      0.45755900
 10.1595000         984.3      0.46573900
 10.1605400         984.2      0.47418000
 10.1615700         984.1      0.48317000
 10.1626000         984.0      0.49180000
 10.1636300         983.9      0.50012400
 10.1646700         983.8      0.50922000
 10.1657000         983.7      0.51761200
 10.1667300         983.6      0.52549100
 10.1677700         983.5      0.53430600
 10.1688000         983.4      0.54266200
 10.1698400         983.3      0.55133300
 10.1708700         983.2      0.55982300
 10.1719100         983.1      0.56832100
 10.1729400         983.0      0.57701600
 10.1739700         982.9      0.58527400
 10.1750100         982.8      0.59435000
 10.1760500         982.7      0.60342200
 10.1770800         982.6      0.61146100
 10.1781200         982.5      0.62044700
 10.1791500         982.4      0.62859100
 10.1801900         982.3      0.63734000
 10.1812300         982.2      0.64576200
 10.1822600         982.1      0.65431300
 10.1833000         982.0      0.66282400
 10.1843400         981.9      0.67126800
 10.1853700         981.8      0.67983800
 10.1864100         981.7      0.68828700
 10.1874500         981.6      0.69691400
 10.1884900         981.5      0.70528400
 10.1895300         981.4      0.71386300
 10.1905600         981.3      0.72229100
 10.1916000         981.2      0.73092000
 10.1926400         981.1      0.73902000
 10.1936800         981.0      0.74691000
 10.1947200         980.9      0.75480300
 10.1957600         980.8      0.76275600
 10.1968000         980.7      0.77142100
 10.1978400         980.6      0.77932300
 10.1988800         980.5      0.78697200
 10.1999200         980.4      0.79462000
 10.2009600         980.3      0.80225700
 10.2020000         980.2      0.81039300
 10.2030400         980.1      0.81881900
 10.2040800         980.0      0.82634400
 10.2051200         979.9      0.83296500
 10.2061600         979.8      0.84058300
 10.2072100         979.7      0.84720500
 10.2082500         979.6      0.85389500
 10.2092900         979.5      0.86105000
 10.2103300         979.4      0.86727300
 10.2113800         979.3      0.87258900
 10.2124200         979.2      0.87829300
 10.2134600         979.1      0.88421500
 10.2145000         979.0      0.88979400
 10.2155500         978.9      0.89511100
 10.2165900         978.8      0.90053700
 10.2176400         978.7      0.90591900
 10.2186800         978.6      0.91165200
 10.2197200         978.5      0.91767200
 10.2207700         978.4      0.92336100
 10.2218100         978.3      0.92880100
 10.2228600         978.2      0.93393800
 10.2239000         978.1      0.93868600
 10.2249500         978.0      0.94331600
 10.2259900         977.9      0.94755700
 10.2270400         977.8      0.95194100
 10.2280900         977.7      0.95672700
 10.2291300         977.6      0.96152900
 10.2301800         977.5      0.96591300
 10.2312300         977.4      0.96981000
 10.2322700         977.3      0.97189700
 10.2333200         977.2      0.97384300
 10.2343700         977.1      0.97609800
 10.2354100         977.0      0.97829100
 10.2364600         976.9      0.98013100
 10.2375100         976.8      0.98175100
 10.2385600         976.7      0.98337300
 10.2396100         976.6      0.98506500
 10.2406600         976.5      0.98706600
 10.2417000         976.4      0.98927000
 10.2427500         976.3      0.99098900
 10.2438000         976.2      0.99255300
 10.2448500         976.1      0.99411500
 10.2459000         976.0      0.99568100
 10.2469500         975.9      0.99677600
 10.2480000         975.8      0.99769400
 10.2490500         975.7      0.99846300
 10.2501000         975.6      0.99928300
 10.2511500         975.5      0.99978400
 10.2522000         975.4      0.99993600
 10.2532600         975.3      0.99999500
 10.2543100         975.2      0.99995000
 10.2553600         975.1      0.99973600
 10.2564100         975.0      0.99871200
 10.2574600         974.9      0.99809800
 10.2585100         974.8      0.99776700
 10.2595700         974.7      0.99718000
 10.2606200         974.6      0.99627600
 10.2616700         974.5      0.99559300
 10.2627300         974.4      0.99522700
 10.2637800         974.3      0.99461700
 10.2648300         974.2      0.99369800
 10.2658900         974.1      0.99291200
 10.2669400         974.0      0.99257800
 10.2679900         973.9      0.99221500
 10.2690500         973.8      0.99123100
 10.2701000         973.7      0.99049100
 10.2711600         973.6      0.98974500
 10.2722100         973.5      0.98885700
 10.2732700         973.4      0.98751700
 10.2743200         973.3      0.98608900
 10.2753800         973.2      0.98469500
 10.2764400         973.1      0.98341300
 10.2774900         973.0      0.98213900
 10.2785500         972.9      0.98087200
 10.2796100         972.8      0.97959300
 10.2806600         972.7      0.97832800
 10.2817200         972.6      0.97687100
 10.2827800         972.5      0.97553200
 10.2838300         972.4      0.97423600
 10.2848900         972.3      0.97294200
 10.2859500         972.2      0.97173000
 10.2870100         972.1      0.97032800
 10.2880700         972.0      0.96901100
 10.2891200         971.9      0.96770100
 10.2901800         971.8      0.96635900
 10.2912400         971.7      0.96492700
 10.2923000         971.6      0.96362400
 10.2933600         971.5      0.96232500
 10.2944200         971.4      0.96040600
 10.2954800         971.3      0.95775400
 10.2965400         971.2      0.95566100
 10.2976000         971.1      0.95388300
 10.2986600         971.0      0.95262300
 10.2997200         970.9      0.95174000
 10.3007800         970.8      0.95058000
 10.3018400         970.7      0.94916300
 10.3029100         970.6      0.94772800
 10.3039700         970.5      0.94630000
 10.3050300         970.4      0.94488900
 10.3060900         970.3      0.94357100
 10.3071500         970.2      0.94216900
 10.3082200         970.1      0.94085500
 10.3092800         970.0      0.93947600
 10.3103400         969.9      0.93815700
 10.3114000         969.8      0.93674300
 10.3124700         969.7      0.93534500
 10.3135300         969.6      0.93394600
 10.3146000         969.5      0.93254900
 10.3156600         969.4      0.93115500
 10.3167200         969.3      0.92976000
 10.3177900         969.2      0.92837600
 10.3188500         969.1      0.92701200
 10.3199200         969.0      0.92561500
 10.3209800         968.9      0.92392700
 10.3220500         968.8      0.92237900
 10.3231100         968.7      0.92135600
 10.3241800         968.6      0.92027800
 10.3252500         968.5      0.91872100
 10.3263100         968.4      0.91726200
 10.3273800         968.3      0.91620000
 10.3284400         968.2      0.91511000
 10.3295100         968.1      0.91374500
 10.3305800         968.0      0.91225100
 10.3316500         967.9      0.91079000
 10.3327100         967.8      0.90937800
 10.3337800         967.7      0.90834100
 10.3348500         967.6      0.90737300
 10.3359200         967.5      0.90591100
 10.3369900         967.4      0.90450200
 10.3380500         967.3      0.90299200
 10.3391200         967.2      0.90154600
 10.3401900         967.1      0.90081800
 10.3412600         967.0      0.90006900
 10.3423300         966.9      0.89873600
 10.3434000         966.8      0.89715600
 10.3444700         966.7      0.89551800
 10.3455400         966.6      0.89386300
 10.3466100         966.5      0.89219700
 10.3476800         966.4      0.89050800
 10.3487500         966.3      0.88838800
 10.3498200         966.2      0.88609900
 10.3509000         966.1      0.88429600
 10.3519700         966.0      0.88259100
 10.3530400         965.9      0.88087300
 10.3541100         965.8      0.87915200
 10.3551800         965.7      0.87743300
 10.3562600         965.6      0.87570900
 10.3573300         965.5      0.87399500
 10.3584000         965.4      0.87227600
 10.3594700         965.3      0.87028300
 10.3605500         965.2      0.86807100
 10.3616200         965.1      0.86624300
 10.3626900         965.0      0.86455900
 10.3637700         964.9      0.86282600
 10.3648400         964.8      0.86129500
 10.3659200         964.7      0.85920100
 10.3669900         964.6      0.85704400
 10.3680700         964.5      0.85479800
 10.3691400         964.4      0.85259500
 10.3702200         964.3      0.85071500
 10.3712900         964.2      0.84904200
 10.3723700         964.1      0.84709800
 10.3734400         964.0      0.84489100
 10.3745200         963.9      0.84263400
 10.3756000         963.8      0.84037600
 10.3766700         963.7      0.83818500
 10.3777500         963.6      0.83595200
 10.3788300         963.5      0.83368200
 10.3799000         963.4      0.83151400
 10.3809800         963.3      0.82927000
 10.3820600         963.2      0.82710300
 10.3831400         963.1      0.82457300
 10.3842200         963.0      0.82176100
 10.3852900         962.9      0.81867900
 10.3863700         962.8      0.81543700
 10.3874500         962.7      0.81206600
 10.3885300         962.6      0.80875500
 10.3896100         962.5      0.80549600
 10.3906900         962.4      0.80223800
 10.3917700         962.3      0.79890100
 10.3928500         962.2      0.79551200
 10.3939300         962.1      0.79211000
 10.3950100         962.0      0.78869200
 10.3960900         961.9      0.78533300
 10.3971700         961.8      0.78188000
 10.3982500         961.7      0.77825700
 10.3993300         961.6      0.77413100
 10.4004200         961.5      0.77038700
 10.4015000         961.4      0.76693400
 10.4025800         961.3      0.76349800
 10.4036600         961.2      0.76004500
 10.4047400         961.1      0.75650800
 10.4058300         961.0      0.75268200
 10.4069100         960.9      0.74854800
 10.4079900         960.8      0.74487400
 10.4090800         960.7      0.74141200
 10.4101600         960.6      0.73797900
 10.4112400         960.5      0.73446000
 10.4123300         960.4      0.73037900
 10.4134100         960.3      0.72642000
 10.4145000         960.2      0.72243200
 10.4155800         960.1      0.71771600
 10.4166700         960.0      0.71181100
 10.4177500         959.9      0.70636600
 10.4188400         959.8      0.70072600
 10.4199200         959.7      0.69501200
 10.4210100         959.6      0.68963700
 10.4220900         959.5      0.68361000
 10.4231800         959.4      0.67840600
 10.4242700         959.3      0.67250800
 10.4253500         959.2      0.66698000
 10.4264400         959.1      0.66130000
 10.4275300         959.0      0.65510000
 10.4286200         958.9      0.64895300
 10.4297000         958.8      0.64275400
 10.4307900         958.7      0.63659000
 10.4318800         958.6      0.63046600
 10.4329700         958.5      0.62435600
 10.4340600         958.4      0.61824300
 10.4351500         958.3      0.61214000
 10.4362300         958.2      0.60603700
 10.4373200         958.1      0.59994200
 10.4384100         958.0      0.59381900
 10.4395000         957.9      0.58805100
 10.4405900         957.8      0.58287900
 10.4416800         957.7      0.57784100
 10.4427700         957.6      0.57286700
 10.4438600         957.5      0.56784700
 10.4449600         957.4      0.56283100
 10.4460500         957.3      0.55725600
 10.4471400         957.2      0.55162700
 10.4482300         957.1      0.54661000
 10.4493200         957.0      0.54156800
 10.4504100         956.9      0.53652300
 10.4515100         956.8      0.53143700
 10.4526000         956.7      0.52634900
 10.4536900         956.6      0.52135200
 10.4547800         956.5      0.51557200
 10.4558800         956.4      0.51003500
 10.4569700         956.3      0.50495000
 10.4580600         956.2      0.49993900
 10.4591600         956.1      0.49487300
 10.4602500         956.0      0.48981800
 10.4613500         955.9      0.48465200
 10.4624400         955.8      0.47897600
 10.4635300         955.7      0.47273000
 10.4646300         955.6      0.46594500
 10.4657200         955.5      0.45959300
 10.4668200         955.4      0.45381300
 10.4679200         955.3      0.44858200
 10.4690100         955.2      0.44253800
 10.4701100         955.1      0.43645300
 10.4712000         955.0      0.43035900
 10.4723000         954.9      0.42427800
 10.4734000         954.8      0.41871700
 10.4744900         954.7      0.41330900
 10.4755900         954.6      0.40714100
 10.4766900         954.5      0.40095700
 10.4777900         954.4      0.39587400
 10.4788900         954.3      0.38989800
 10.4799800         954.2      0.38485700
 10.4810800         954.1      0.37997000
 10.4821800         954.0      0.37494900
 10.4832800         953.9      0.36909600
 10.4843800         953.8      0.36409400
 10.4854800         953.7      0.35926400
 10.4865800         953.6      0.35386100
 10.4876800         953.5      0.34834300
 10.4887800         953.4      0.34336100
 10.4898800         953.3      0.33844600
 10.4909800         953.2      0.33348200
 10.4920800         953.1      0.32926100
 10.4931800         953.0      0.32483400
 10.4942800         952.9      0.31990600
 10.4953800         952.8      0.31497400
 10.4964800         952.7      0.31001900
 10.4975900         952.6      0.30533700
 10.4986900         952.5      0.30116100
 10.4997900         952.4      0.29643000
 10.5008900         952.3      0.29142600
 10.5020000         952.2      0.28667000
 10.5031000         952.1      0.28233100
 10.5042000         952.0      0.27718000
 10.5053100         951.9      0.27263000
 10.5064100         951.8      0.26800300
 10.5075100         951.7      0.26300100
 10.5086200         951.6      0.25856000
 10.5097200         951.5      0.25358900
 10.5108300         951.4      0.24882800
 10.5119300         951.3      0.24487600
 10.5130400         951.2      0.24162100
 10.5141400         951.1      0.23839400
 10.5152500         951.0      0.23533600
 10.5163500         950.9      0.23262200
 10.5174600         950.8      0.22933700
 10.5185700         950.7      0.22654800
 10.5196700         950.6      0.22351000
 10.5207800         950.5      0.22031300
 10.5218900         950.4      0.21771000
 10.5229900         950.3      0.21435200
 10.5241000         950.2      0.21047500
 10.5252100         950.1      0.20659400
 10.5263200         950.0      0.20295000
 10.5274200         949.9      0.19986200
 10.5285300         949.8      0.19612100
 10.5296400         949.7      0.19221700
 10.5307500         949.6      0.18830800
 10.5318600         949.5      0.18441700
 10.5329700         949.4      0.18050500
 10.5340800         949.3      0.17663900
 10.5351900         949.2      0.17407200
 10.5363000         949.1      0.17247400
 10.5374100         949.0      0.16990000
 10.5385200         948.9      0.16729500
 10.5396300         948.8      0.16468600
 10.5407400         948.7      0.16207200
 10.5418500         948.6      0.15938900
 10.5429600         948.5      0.15799500
 10.5440700         948.4      0.15541300
 10.5451900         948.3      0.15279600
 10.5463000         948.2      0.15017600
 10.5474100         948.1      0.14754800
 10.5485200         948.0      0.14490300
 10.5496400         947.9      0.14310000
 10.5507500         947.8      0.14084000
 10.5518600         947.7      0.13817200
 10.5529800         947.6      0.13552000
 10.5540900         947.5      0.13288200
 10.5552000         947.4      0.13067900
 10.5563200         947.3      0.12878700
 10.5574300         947.2      0.12619100
 10.5585500         947.1      0.12422700
 10.5596600         947.0      0.12221100
 10.5607800         946.9      0.12028600
 10.5618900         946.8      0.11792700
 10.5630100         946.7      0.11583800
 10.5641200         946.6      0.11377600
 10.5652400         946.5      0.11171400
 10.5663600         946.4      0.10963500
 10.5674700         946.3      0.10771200
 10.5685900         946.2      0.10626500
 10.5697100         946.1      0.10500400
 10.5708200         946.0      0.10368700
 10.5719400         945.9      0.10246000
 10.5730600         945.8      0.10118000
 10.5741800         945.7      0.09995100
 10.5753000         945.6      0.09866900
 10.5764100         945.5      0.09743600
 10.5775300         945.4      0.09618800
 10.5786500         945.3      0.09486600
 10.5797700         945.2      0.09333100
 10.5808900         945.1      0.09174000
 10.5820100         945.0      0.09014700
 10.5831300         944.9      0.08855400
 10.5842500         944.8      0.08696200
 10.5853700         944.7      0.08532200
 10.5864900         944.6      0.08364600
 10.5876100         944.5      0.08205800
 10.5887300         944.4      0.08045200
 10.5898500         944.3      0.07877600
 10.5909800         944.2      0.07739900
 10.5921000         944.1      0.07594100
 10.5932200         944.0      0.07452600
 10.5943400         943.9      0.07314100
 10.5954700         943.8      0.07168500
 10.5965900         943.7      0.07030200
 10.5977100         943.6      0.06886700
 10.5988300         943.5      0.06743800
 10.5999600         943.4      0.06603500
 10.6010800         943.3      0.06476100
 10.6022100         943.2      0.06394400
 10.6033300         943.1      0.06338700
 10.6044500         943.0      0.06284500
 10.6055800         942.9      0.06225000
 10.6067000         942.8      0.06165100
 10.6078300         942.7      0.06107100
 10.6089500         942.6      0.06045800
 10.6100800         942.5      0.05988200
 10.6112100         942.4      0.05926400
 10.6123300         942.3      0.05863300
 10.6134600         942.2      0.05773400
 10.6145800         942.1      0.05671500
 10.6157100         942.0      0.05570300
 10.6168400         941.9      0.05474500
 10.6179700         941.8      0.05379200
 10.6190900         941.7      0.05272300
 10.6202200         941.6      0.05175700
 10.6213500         941.5      0.05076000
 10.6224800         941.4      0.04969900
 10.6236100         941.3      0.04871600
 10.6247300         941.2      0.04772300
 10.6258600         941.1      0.04674800
 10.6269900         941.0      0.04585300
 10.6281200         940.9      0.04485800
 10.6292500         940.8      0.04387200
 10.6303800         940.7      0.04294400
 10.6315100         940.6      0.04199100
 10.6326400         940.5      0.04098800
 10.6337700         940.4      0.03996900
 10.6349000         940.3      0.03922900
 10.6360300         940.2      0.03855100
 10.6371700         940.1      0.03795800
 10.6383000         940.0      0.03739000
 10.6394300         939.9      0.03681900
 10.6405600         939.8      0.03625100
 10.6416900         939.7      0.03567800
 10.6428300         939.6      0.03500600
 10.6439600         939.5      0.03442500
 10.6450900         939.4      0.03386000
 10.6462300         939.3      0.03342000
 10.6473600         939.2      0.03314600
 10.6484900         939.1      0.03286300
 10.6496300         939.0      0.03258500
 10.6507600         938.9      0.03223900
 10.6519000         938.8      0.03189600
 10.6530300         938.7      0.03161100
 10.6541700         938.6      0.03132800
 10.6553000         938.5      0.03104500
 10.6564400         938.4      0.03076200
 10.6575700         938.3      0.03047900
 10.6587100         938.2      0.03019700
 10.6598400         938.1      0.02990300
 10.6609800         938.0      0.02951000
 10.6621200         937.9      0.02922600
 10.6632500         937.8      0.02894300
 10.6643900         937.7      0.02865900
 10.6655300         937.6      0.02837600
 10.6666700         937.5      0.02809600
 10.6678000         937.4      0.02775800
 10.6689400         937.3      0.02725800
 10.6700800         937.2      0.02677600
 10.6712200         937.1      0.02625200
 10.6723600         937.0      0.02576600
 10.6735000         936.9      0.02525200
 10.6746400         936.8      0.02470000
 10.6757800         936.7      0.02415600
 10.6769200         936.6      0.02358800
 10.6780600         936.5      0.02303600
 10.6792000         936.4      0.02271400
 10.6803400         936.3      0.02242000
 10.6814800         936.2      0.02216000
 10.6826200         936.1      0.02189900
 10.6837600         936.0      0.02162600
 10.6849000         935.9      0.02137500
 10.6860400         935.8      0.02105700
 10.6871900         935.7      0.02075200
 10.6883300         935.6      0.02048600
 10.6894700         935.5      0.01981800
 10.6906100         935.4      0.01913400
 10.6917600         935.3      0.01842100
 10.6929000         935.2      0.01773400
 10.6940400         935.1      0.01707900
 10.6951900         935.0      0.01632000
 10.6963300         934.9      0.01561900
 10.6974800         934.8      0.01490300
 10.6986200         934.7      0.01444500
 10.6997600         934.6      0.01447900
 10.7009100         934.5      0.01451400
 10.7020500         934.4      0.01465700
 10.7032000         934.3      0.01473900
 10.7043500         934.2      0.01484900
 10.7054900         934.1      0.01494300
 10.7066400         934.0      0.01503000
 10.7077800         933.9      0.01517400
 10.7089300         933.8      0.01517600
 10.7100800         933.7      0.01517000
 10.7112300         933.6      0.01516500
 10.7123700         933.5      0.01515900
 10.7135200         933.4      0.01515400
 10.7146700         933.3      0.01512100
 10.7158200         933.2      0.01503000
 10.7169600         933.1      0.01501900
 10.7181100         933.0      0.01500800
 10.7192600         932.9      0.01484600
 10.7204100         932.8      0.01462500
 10.7215600         932.7      0.01436900
 10.7227100         932.6      0.01407200
 10.7238600         932.5      0.01384200
 10.7250100         932.4      0.01355200
 10.7261600         932.3      0.01326000
 10.7273100         932.2      0.01303300
 10.7284600         932.1      0.01272900
 10.7296100         932.0      0.01253700
 10.7307700         931.9      0.01237600
 10.7319200         931.8      0.01220500
 10.7330700         931.7      0.01192700
 10.7342200         931.6      0.01176500
 10.7353700         931.5      0.01158900
 10.7365300         931.4      0.01139500
 10.7376800         931.3      0.01121000
 10.7388300         931.2      0.01101300
 10.7399800         931.1      0.01072500
 10.7411400         931.0      0.01038000
 10.7422900         930.9      0.01003500
 10.7434500         930.8      0.00969100
 10.7446000         930.7      0.00934800
 10.7457600         930.6      0.00900300
 10.7469100         930.5      0.00866600
 10.7480700         930.4      0.00832100
 10.7492200         930.3      0.00805000
 10.7503800         930.2      0.00815700
 10.7515300         930.1      0.00848100
 10.7526900         930.0      0.00878100
 10.7538400         929.9      0.00908200
 10.7550000         929.8      0.00938200
 10.7561600         929.7      0.00967800
 10.7573100         929.6      0.00998400
 10.7584700         929.5      0.01028600
 10.7596300         929.4      0.01051700
 10.7607900         929.3      0.01050700
 10.7619500         929.2      0.01042600
 10.7631000         929.1      0.01034500
 10.7642600         929.0      0.01027500
 10.7654200         928.9      0.01019300
 10.7665800         928.8      0.01011200
 10.7677400         928.7      0.01004000
 10.7689000         928.6      0.00996500
 10.7700600         928.5      0.00987400
 10.7712200         928.4      0.00969700
 10.7723800         928.3      0.00951700
 10.7735400         928.2      0.00933500
 10.7747000         928.1      0.00915500
 10.7758600         928.0      0.00898100
 10.7770200         927.9      0.00879600
 10.7781800         927.8      0.00862400
 10.7793500         927.7      0.00844000
 10.7805100         927.6      0.00829400
 10.7816700         927.5      0.00820900
 10.7828300         927.4      0.00813000
 10.7840000         927.3      0.00805100
 10.7851600         927.2      0.00797200
 10.7863200         927.1      0.00789200
 10.7874900         927.0      0.00781300
 10.7886500         926.9      0.00773400
 10.7898100         926.8      0.00765300
 10.7909800         926.7      0.00742400
 10.7921400         926.6      0.00697400
 10.7933100         926.5      0.00652500
 10.7944700         926.4      0.00607200
 10.7956400         926.3      0.00562100
 10.7968000         926.2      0.00517000
 10.7979700         926.1      0.00471900
 10.7991400         926.0      0.00426300
 10.8003000         925.9      0.00382600
 10.8014700         925.8      0.00383200
 10.8026400         925.7      0.00442100
 10.8038000         925.6      0.00494400
 10.8049700         925.5      0.00547300
 10.8061400         925.4      0.00599600
 10.8073100         925.3      0.00652000
 10.8084700         925.2      0.00704800
 10.8096400         925.1      0.00757400
 10.8108100         925.0      0.00812300
 10.8119800         924.9      0.00814500
 10.8131500         924.8      0.00800000
 10.8143200         924.7      0.00784300
 10.8154900         924.6      0.00769300
 10.8166600         924.5      0.00753900
 10.8178300         924.4      0.00738900
 10.8190000         924.3      0.00723200
 10.8201700         924.2      0.00708500
 10.8213400         924.1      0.00693100
 10.8225100         924.0      0.00678100
 10.8236800         923.9      0.00662900
 10.8248500         923.8      0.00648100
 10.8260300         923.7      0.00632600
 10.8272000         923.6      0.00617800
 10.8283700         923.5      0.00602500
 10.8295400         923.4      0.00587500
 10.8307200         923.3      0.00572100
 10.8318900         923.2      0.00557600
 10.8330600         923.1      0.00547800
 10.8342400         923.0      0.00538400
 10.8354100         922.9      0.00529600
 10.8365800         922.8      0.00520300
 10.8377600         922.7      0.00510700
 10.8389300         922.6      0.00501200
 10.8401100         922.5      0.00491700
 10.8412800         922.4      0.00482500
 10.8424600         922.3      0.00479500
 10.8436300         922.2      0.00493500
 10.8448100         922.1      0.00510200
 10.8459900         922.0      0.00527500
 10.8471600         921.9      0.00544200
 10.8483400         921.8      0.00561200
 10.8495200         921.7      0.00578000
 10.8506900         921.6      0.00594900
 10.8518700         921.5      0.00613400
 10.8530500         921.4      0.00607900
 10.8542300         921.3      0.00562400
 10.8554100         921.2      0.00511900
 10.8565800         921.1      0.00462600
 10.8577600         921.0      0.00412400
 10.8589400         920.9      0.00362900
 10.8601200         920.8      0.00312800
 10.8613000         920.7      0.00263000
 10.8624800         920.6      0.00210700
 10.8636600         920.5      0.00196900
 10.8648400         920.4      0.00213900
 10.8660200         920.3      0.00237300
 10.8672000         920.2      0.00260000
 10.8683800         920.1      0.00282200
 10.8695700         920.0      0.00304400
 10.8707500         919.9      0.00326700
 10.8719300         919.8      0.00348900
 10.8731100         919.7      0.00371600
 10.8742900         919.6      0.00380200
 10.8754800         919.5      0.00377700
 10.8766600         919.4      0.00375100
 10.8778400         919.3      0.00371800
 10.8790300         919.2      0.00368600
 10.8802100         919.1      0.00366600
 10.8813900         919.0      0.00363300
 10.8825800         918.9      0.00360400
 10.8837600         918.8      0.00357500
 10.8849500         918.7      0.00353000
 10.8861300         918.6      0.00348300
 10.8873200         918.5      0.00344700
 10.8885000         918.4      0.00339800
 10.8896900         918.3      0.00334900
 10.8908700         918.2      0.00330100
 10.8920600         918.1      0.00325300
 10.8932500         918.0      0.00320400
 10.8944300         917.9      0.00321100
 10.8956200         917.8      0.00356200
 10.8968100         917.7      0.00410300
 10.8979900         917.6      0.00463000
 10.8991800         917.5      0.00514500
 10.9003700         917.4      0.00567300
 10.9015600         917.3      0.00619800
 10.9027500         917.2      0.00671700
 10.9039400         917.1      0.00724300
 10.9051300         917.0      0.00769700
 10.9063100         916.9      0.00727900
 10.9075000         916.8      0.00674300
 10.9086900         916.7      0.00622400
 10.9098800         916.6      0.00569900
 10.9110700         916.5      0.00518100
 10.9122700         916.4      0.00465200
 10.9134600         916.3      0.00412900
 10.9146500         916.2      0.00359000
 10.9158400         916.1      0.00318100
 10.9170300         916.0      0.00308400
 10.9182200         915.9      0.00302300
 10.9194100         915.8      0.00296900
 10.9206100         915.7      0.00291000
 10.9218000         915.6      0.00285600
 10.9229900         915.5      0.00279400
 10.9241900         915.4      0.00274200
 10.9253800         915.3      0.00269100
 10.9265700         915.2      0.00274800
 10.9277700         915.1      0.00303100
 10.9289600         915.0      0.00333700
 10.9301600         914.9      0.00364100
 10.9313500         914.8      0.00395000
 10.9325500         914.7      0.00425900
 10.9337400         914.6      0.00456200
 10.9349400         914.5      0.00486500
 10.9361300         914.4      0.00515300
 10.9373300         914.3      0.00513700
 10.9385300         914.2      0.00446900
 10.9397200         914.1      0.00383000
 10.9409200         914.0      0.00320000
 10.9421200         913.9      0.00257000
 10.9433100         913.8      0.00194000
 10.9445100         913.7      0.00130300
